sep=,
vehicle_count,fps
0,100.952
1,2.733747
1,3.034672
1,3.363669
1,3.732647
1,4.137715
1,4.565496
1,5.005481
1,5.483276
1,6.047716
1,6.697495
1,7.401194
1,8.186049
1,9.041438
1,9.961823
1,11.01736
1,12.15272
1,13.39415
1,14.73652
1,16.24158
1,17.79096
1,19.55799
1,21.43072
1,23.50648
1,25.66715
1,28.04477
1,30.66335
1,33.34003
1,36.17709
1,39.32122
1,42.60426
1,45.89969
1,49.56218
1,53.24389
1,57.32667
1,61.44197
1,65.37111
1,70.03071
1,74.4669
1,78.57819
1,83.4281
1,88.11037
1,92.69695
1,97.25746
1,100.7255
1,105.1445
1,109.5202
1,114.0803
1,118.3793
1,122.1952
1,125.2972
1,129.93
1,132.1575
1,134.7029
1,138.7707
1,141.958
1,144.2441
1,147.6415
1,149.5051
1,151.6499
1,153.6197
1,154.0328
1,155.2691
1,156.7819
1,159.6024
1,159.6834
1,161.5216
1,163.2024
1,163.6312
1,164.4674
1,164.6218
1,162.7298
1,165.0867
1,165.7416
1,166.3379
1,167.5063
1,167.455
1,168.8588
1,170.1266
1,167.2717
1,169.8855
1,168.7562
1,168.0524
1,169.5043
1,169.1023
1,168.3048
1,169.0506
1,167.8373
1,164.5366
1,165.4252
1,163.3713
1,166.2515
1,167.2236
1,165.237
1,166.8551
1,167.282
1,160.5083
1,165.5378
1,167.3832
1,163.9013
1,165.6156
1,164.3566
1,165.1517
1,167.274
1,164.1475
1,163.3833
1,165.4274
1,161.4077
1,158.7124
1,158.1189
1,158.0384
1,159.5953
1,154.0574
1,141.3952
1,145.8041
1,143.9324
1,133.9216
1,126.4984
1,127.145
1,123.2715
1,123.7663
1,117.0761
1,116.451
1,112.0699
1,107.3144
1,111.9718
1,113.0091
1,115.9672
1,114.4792
1,119.1281
1,117.6984
1,117.334
1,119.2873
1,122.7171
1,116.449
1,119.4904
1,117.3204
1,120.756
1,120.218
1,124.0496
1,128.5504
1,126.4284
1,132.1015
1,134.4512
1,138.137
1,138.7979
1,134.1789
1,138.378
1,133.8053
1,132.0875
1,130.7224
1,135.6019
1,138.5805
1,141.7137
1,145.074
1,145.9643
1,146.6931
1,149.4421
1,146.8045
1,150.2193
1,152.6648
1,152.5469
1,155.1132
1,158.3711
1,153.3224
1,159.0697
1,157.2975
1,157.3091
1,139.6712
1,145.0759
1,145.8851
1,142.4668
1,135.7357
1,141.1567
1,144.5836
1,140.6762
1,139.4626
1,138.7445
1,136.7147
1,137.4487
1,140.4475
1,143.6206
1,146.3152
1,149.0033
1,149.7399
1,147.8037
1,151.6903
1,150.1152
1,152.5894
1,150.2679
1,148.1904
1,150.7798
1,151.3324
1,152.27
1,155.367
1,156.0049
1,158.9843
1,160.5122
1,161.9438
1,164.3568
1,163.1507
1,164.0662
1,166.7786
1,167.2033
1,168.3204
1,170.678
1,171.7208
1,171.8061
1,172.405
1,171.7568
1,171.5323
1,173.4089
1,174.6544
1,175.4794
1,176.3212
1,176.6129
1,176.0281
1,174.9653
1,176.2134
1,175.6363
1,176.8126
1,177.6128
1,170.7705
1,176.2086
1,173.9172
1,166.7532
1,166.3114
1,165.1272
1,165.5533
1,164.4546
1,155.3945
1,153.3812
1,147.0073
1,142.3383
1,137.3632
1,138.6431
1,129.8928
1,130.26
1,131.1197
1,134.8973
1,131.9505
1,132.9135
1,129.8855
1,133.1244
1,129.7583
1,132.2963
1,131.6113
1,131.9225
1,137.7358
1,135.6775
1,139.2531
1,136.4751
1,136.3507
1,141.8212
1,139.2408
1,142.9568
1,139.7947
1,145.0974
1,147.5838
1,143.5618
1,145.1253
1,141.3552
1,144.5156
1,151.2077
1,150.7218
1,154.431
1,156.7922
1,152.9887
1,155.7708
1,153.8471
1,155.2915
1,157.9911
1,156.8198
1,160.193
1,162.0101
1,154.5316
1,159.6967
1,158.5765
1,158.4858
1,162.1554
1,160.1799
1,162.933
1,165.2515
1,157.8155
2,155.1168
2,151.645
2,157.3105
2,157.1302
2,152.7249
2,156.4272
2,158.6212
2,160.3167
2,162.4081
2,163.5086
2,163.0251
2,165.0537
2,161.7372
2,162.0464
2,163.9657
2,165.1099
2,166.696
2,166.2237
2,160.2497
2,162.7169
2,164.5955
2,166.0787
2,163.4103
2,167.539
2,169.5271
2,170.9882
2,167.095
2,166.4021
2,166.7474
2,164.2169
2,166.8114
2,168.7306
2,170.0919
2,171.116
2,169.7251
2,171.1338
2,172.5381
2,173.2763
2,172.0884
2,173.2679
2,174.4403
2,175.6785
2,175.2303
2,171.8908
2,173.2894
2,174.1479
2,172.6665
2,174.3509
2,173.6532
2,174.5873
2,174.5051
2,172.275
2,172.7355
2,172.3747
2,173.4471
2,172.4277
2,173.1677
2,173.1532
2,173.5614
2,173.6028
2,171.1263
2,171.2733
2,172.6916
2,172.7252
2,173.0987
2,172.781
2,173.8898
2,174.7402
2,171.8345
2,172.3114
2,173.09
2,173.82
2,173.4323
2,174.1
2,172.8966
2,173.1082
2,173.2502
2,170.9425
2,170.6145
2,171.9876
2,172.4375
2,171.7283
2,172.1384
2,172.467
2,172.725
2,171.1914
2,172.8109
2,172.1249
2,172.7539
2,172.3685
2,172.4786
2,171.8057
2,172.2167
2,171.3716
2,170.8539
2,169.6747
2,171.1489
2,171.041
2,170.632
2,170.9516
2,171.1591
2,171.26
2,169.3618
2,170.9391
2,169.9642
2,168.4036
2,169.0902
2,169.5602
2,168.9757
2,168.8345
2,165.72
2,167.7963
2,166.6535
2,168.2766
2,168.9829
2,169.1217
2,168.3615
2,168.0477
2,168.2923
2,169.9831
2,168.4195
2,169.6825
2,170.3347
2,170.8247
2,171.0651
2,171.1085
2,169.7012
2,171.0329
2,171.0247
2,169.4741
2,171.2315
2,171.7643
2,170.9809
2,171.6053
2,171.9364
2,169.6432
2,171.0644
2,170.7847
2,171.0441
2,171.6532
2,171.0127
2,171.8837
2,170.8117
2,169.5007
2,171.5566
2,172.0604
2,168.942
2,169.5308
2,169.908
2,170.3887
2,169.8182
2,170.7415
2,171.1178
2,170.8449
2,168.252
2,169.5191
2,169.8356
2,169.2245
2,170.2565
2,170.6123
2,170.9417
2,170.5541
2,170.987
2,169.1252
2,170.0851
2,170.4266
2,167.5284
2,169.8678
2,170.6112
2,170.2458
2,170.2248
2,170.6063
2,168.6226
2,170.0567
2,169.3038
2,169.9632
2,170.0768
2,170.3727
2,170.2827
2,170.0895
2,165.7775
2,168.3554
2,168.9365
2,167.6602
2,168.8268
2,169.5235
2,170.1172
2,170.5097
2,169.6536
2,168.4025
2,169.6433
2,168.802
2,169.4907
2,169.6579
2,169.6369
2,169.1944
2,168.0575
2,167.4798
2,168.5948
2,168.9137
2,165.1401
2,164.8468
2,164.8757
2,166.2771
2,165.8385
2,165.5748
2,166.339
2,165.726
2,165.1849
2,166.5862
2,167.5648
2,167.5282
2,168.1215
2,160.1734
2,167.5143
2,167.604
2,165.3964
2,167.9881
2,168.8595
2,168.3549
2,168.7265
2,167.1334
2,167.0324
2,168.9953
2,168.733
2,169.7078
2,169.2236
2,169.3994
2,168.5409
2,166.1574
2,164.65
2,164.8416
2,166.1125
2,164.4716
2,166.3587
2,167.0401
2,167.3327
2,168.5509
2,166.0202
2,168.4693
2,168.5463
2,168.0255
2,168.8034
2,168.8263
2,168.9348
2,168.9744
2,166.6755
2,167.1642
2,168.1831
2,168.4358
2,168.0968
2,168.0558
2,168.2381
2,168.4886
2,166.4495
2,166.072
2,167.0686
2,168.0246
2,167.9851
2,168.3293
2,168.5282
2,168.0782
2,166.1094
2,167.6936
2,166.486
2,168.0844
2,167.8533
2,168.2311
2,167.8719
2,167.6541
2,166.8208
2,166.7712
2,165.8145
2,167.9103
2,168.1168
2,165.9252
2,165.0445
2,166.4203
2,167.2774
2,166.9512
2,165.2849
2,163.889
2,164.6521
2,164.6161
2,165.3071
2,166.2189
2,163.53
2,165.7675
2,164.8489
2,164.1751
2,165.7473
2,165.8432
2,166.5361
2,167.1443
2,165.2978
2,167.1068
2,167.2135
2,165.7984
2,167.5286
2,167.4502
2,167.846
2,168.0904
2,168.3969
2,168.7255
2,169.236
2,168.5421
2,167.4458
2,168.9733
2,167.4451
2,168.1968
2,168.0423
2,167.5383
2,167.9082
2,168.5354
2,166.294
2,167.202
2,164.3668
2,165.5076
2,165.8252
2,166.217
2,166.4279
2,166.6312
2,165.0677
2,164.0569
2,159.513
2,163.6427
2,164.6281
2,164.7553
2,162.9002
2,164.6062
2,162.6531
2,163.8029
2,164.0687
2,164.877
2,164.9083
2,165.0234
3,163.8656
3,165.2104
3,164.2878
3,165.5657
3,165.8936
3,165.3821
3,165.2567
3,165.2389
3,163.3928
3,164.2692
3,162.614
3,165.294
3,165.337
3,166.1942
3,165.7695
3,166.4823
3,164.2392
3,166.1648
3,166.0699
3,165.0158
3,165.8484
3,165.8204
3,161.3294
3,162.9352
3,161.8157
3,134.6652
3,140.1267
3,139.959
3,118.3997
3,85.24227
3,79.5293
3,86.37926
3,90.23456
3,93.74052
3,97.441
3,101.7488
3,105.3822
3,108.744
3,112.6157
3,115.9794
3,118.6934
3,122.3328
3,123.8356
3,125.7947
3,126.9488
3,133.7472
3,135.1957
3,136.3043
3,138.3066
3,140.6968
3,142.577
3,145.0703
3,145.9895
3,146.8488
3,146.3944
3,145.9827
3,147.7741
3,148.4374
3,145.8834
3,153.4825
3,128.0193
3,135.976
3,137.7353
3,138.8749
3,141.0984
3,142.6015
3,143.5818
3,145.2784
3,147.3798
3,148.136
3,148.6084
3,149.9498
3,149.7258
3,151.2898
3,152.4396
3,151.0837
3,150.511
3,156.1385
3,156.5711
3,155.4019
3,153.3974
3,153.362
3,152.0471
3,152.1311
3,153.8937
3,154.8925
3,155.812
3,154.9704
3,155.7458
3,156.5282
3,156.6133
3,161.5282
3,166.7928
3,162.7208
3,162.9188
3,163.8089
3,163.3446
3,164.0645
3,164.5598
3,161.1041
3,159.8655
3,158.7651
3,158.9931
3,159.8789
3,160.7363
3,161.4473
3,161.819
3,161.0687
3,160.2249
3,158.3533
3,156.8604
3,154.7414
3,154.1172
3,152.2761
3,151.318
3,150.2917
3,149.1561
3,149.3488
3,149.4236
3,150.9187
3,151.9093
3,153.1453
3,154.7932
3,155.9588
3,155.6942
3,155.8513
3,156.333
3,155.5795
3,155.7243
3,155.8537
3,155.547
3,156.1313
3,156.486
3,155.1168
3,154.1379
3,154.3587
3,155.0918
3,156.1627
3,157.0251
3,156.1227
3,155.4882
3,155.4721
3,156.13
3,155.6612
3,156.4841
3,156.5704
3,156.4254
3,156.1029
3,155.5281
3,156.7836
3,157.7833
3,158.1779
3,158.838
3,157.2329
3,156.4717
3,157.0256
3,139.4288
3,149.6681
3,149.8876
3,151.3244
3,150.1974
3,150.2278
3,149.901
3,148.7408
3,150.7799
3,152.2588
3,153.6908
3,154.9563
3,154.682
3,153.6566
3,153.5613
3,151.1784
3,151.4279
3,152.8465
3,154.0341
3,154.5668
3,153.1144
3,153.2272
3,154.3536
3,153.374
3,154.3315
3,155.7523
3,156.4089
3,157.4164
3,155.2897
3,154.0696
3,153.8702
3,155.011
3,155.2527
3,155.7533
3,155.9216
3,156.0318
3,155.2987
3,156.0933
3,154.8426
3,155.0016
3,154.759
3,156.1194
3,156.8025
3,155.4165
3,153.9254
3,154.8794
3,153.6636
3,154.6266
3,154.011
3,154.3215
3,153.998
3,155.0621
3,153.9751
3,154.5611
3,153.6195
3,154.2896
3,152.9497
3,153.1797
3,153.8459
3,154.6836
3,154.0394
3,153.1074
3,154.3711
3,154.4755
3,154.1648
3,154.7458
3,155.328
3,154.6781
3,153.1756
3,152.3905
3,151.5617
3,150.6107
3,152.033
3,151.642
3,152.9244
3,151.3418
3,148.9235
3,150.6439
3,151.0388
3,151.2857
3,152.4042
3,153.6049
3,151.9092
3,152.1734
3,150.923
3,150.157
3,149.5831
3,151.1615
3,152.1438
3,150.8201
3,150.8022
3,151.7881
3,151.159
3,151.1285
3,150.4702
3,151.124
3,152.1182
3,153.1079
3,151.6812
3,151.6119
3,152.7543
3,152.1763
3,153.0751
3,154.2185
3,152.5679
3,151.9683
3,151.6369
3,151.2425
3,151.9819
3,152.3249
3,152.7565
3,150.833
3,150.6368
3,151.4391
3,151.4371
3,152.0368
3,150.8515
3,150.0527
3,149.5696
3,155.8102
3,155.7746
3,156.9194
3,155.1699
3,154.0594
3,153.0924
3,157.5711
3,155.9695
3,152.3975
3,158.6582
3,159.6788
3,153.6345
3,153.8097
3,148.1377
3,132.4451
3,134.5327
3,131.9464
3,118.9775
3,120.0602
3,113.6442
4,116.9807
4,114.0381
4,103.3381
4,96.15012
4,94.19565
4,97.94749
4,99.58179
4,100.2478
4,101.0573
4,92.25858
4,90.56436
4,95.29115
4,99.19938
4,99.86531
4,96.06454
4,94.30038
4,90.25148
4,93.25283
4,90.08537
4,93.04296
4,94.30465
4,98.58901
4,101.3802
4,103.8017
4,99.66149
4,102.8935
4,103.4492
4,100.1549
4,101.929
4,104.1261
4,105.7497
4,109.0863
4,112.451
4,115.6737
4,118.5233
4,120.7405
4,123.9329
4,122.3232
4,127.2662
4,129.0849
4,130.5199
4,133.6514
4,134.7693
4,135.9032
4,135.3678
4,138.4131
4,139.8543
4,139.7039
4,140.9736
4,141.9966
4,141.777
4,143.3519
4,143.1935
4,144.296
4,144.0949
4,144.4811
4,145.0968
4,145.0001
4,143.9783
4,142.7969
4,143.8779
4,143.2319
4,145.0708
4,146.0343
4,146.5389
4,145.1437
4,145.2165
4,146.0401
4,146.1166
4,146.5668
4,147.2066
4,146.9614
4,146.4301
4,146.4271
4,147.2628
4,147.7383
4,147.0787
4,144.8517
4,147.3216
4,147.6759
4,145.7187
4,145.0942
4,146.5357
4,145.6633
4,144.1156
4,147.4442
4,147.5407
4,145.467
4,145.4528
4,141.6958
4,131.2297
4,122.3701
4,122.9031
4,122.8764
4,124.6969
4,126.5176
4,128.1434
4,129.9022
4,131.7021
4,132.4445
4,133.2348
4,135.8737
4,137.5501
4,138.6488
4,140.22
4,141.0943
4,142.3909
4,141.6172
4,141.6003
4,143.8514
4,142.9391
4,144.1665
4,145.8203
4,146.6263
4,145.9638
4,143.8023
4,143.6189
4,145.417
4,145.9375
4,146.4377
4,147.4179
4,148.6108
4,147.7634
4,147.2041
4,148.0096
4,148.0813
4,147.9027
4,148.1988
4,148.6592
4,147.5389
4,146.6149
4,147.8746
4,147.7214
4,147.9334
4,147.8037
4,148.2668
4,148.0956
4,146.4706
4,148.2134
4,147.9018
4,146.2658
4,147.3954
4,147.6506
4,147.6952
4,146.1149
4,146.5945
4,147.8598
4,147.6092
4,147.3513
4,148.061
4,148.0226
4,147.5539
4,147.0408
4,148.0994
4,148.3416
4,147.3349
4,148.0025
4,148.487
4,148.1398
4,148.7834
4,146.6645
4,148.3648
4,146.4485
4,146.5453
4,146.8598
4,147.309
4,147.8639
4,146.5356
4,147.6793
4,147.2082
4,148.3728
4,148.4201
4,148.3704
4,148.0225
4,147.3569
4,145.7891
4,146.8228
4,145.5467
4,146.9512
4,147.1626
4,147.3181
4,146.0805
4,145.9912
4,147.3407
4,146.4297
4,147.2346
4,147.1992
4,146.2696
4,147.6886
4,146.267
4,147.4191
4,146.594
4,147.2219
4,147.7651
4,147.468
4,146.3928
4,146.1116
4,146.8229
4,146.3237
4,145.825
4,146.9872
4,147.4952
4,146.6333
4,147.2871
4,146.4122
4,147.5954
4,147.7137
4,147.487
4,147.6285
4,148.2924
4,146.8101
4,146.6592
4,147.2694
4,146.8088
4,146.4693
4,146.9753
4,147.1058
4,146.6008
4,145.8481
4,146.7824
4,145.6547
4,145.5043
4,145.8308
4,146.3086
4,146.5145
4,144.9375
4,145.7107
4,145.9713
4,145.8903
4,146.3645
4,143.5836
4,147.3745
4,146.433
4,145.7449
4,146.6733
4,146.3155
4,145.0751
4,143.1956
4,137.8552
4,134.564
4,130.7832
4,130.9131
4,128.8638
4,130.2108
4,132.294
4,134.0616
4,132.0138
4,130.9576
4,128.9188
4,129.5847
4,130.3009
4,131.5994
4,134.545
4,134.371
4,135.9212
4,135.4037
4,137.6534
4,136.9794
4,139.3726
4,140.3786
4,139.1902
4,139.5704
4,135.6501
4,138.0181
4,138.3581
4,140.2133
4,142.0418
4,139.1772
4,137.8784
4,135.2165
4,136.3475
5,136.9187
5,138.9514
5,137.642
5,136.6454
5,138.9297
5,134.6095
5,136.5192
5,135.1896
5,137.3161
5,133.3305
5,132.8591
5,127.8958
5,131.2045
5,131.5334
5,133.9051
5,135.4043
5,132.7875
5,135.6917
5,132.9433
5,134.188
5,134.8492
5,134.8439
5,134.5069
5,131.9671
5,131.2251
5,126.3492
5,126.1944
5,127.6116
5,126.7215
5,125.935
5,125.6811
5,122.8543
5,123.2119
5,125.9976
5,128.2812
5,122.5009
5,121.9657
5,122.3106
5,121.5235
5,124.1391
5,124.9286
5,124.7572
5,128.0865
5,126.1533
5,128.4161
5,128.5111
5,132.0168
5,133.2623
5,133.6842
5,135.8193
5,135.0858
5,136.9008
5,138.9362
5,141.3188
5,142.3548
5,142.17
5,141.3274
5,143.8946
5,145.7497
5,146.0159
5,146.3455
5,147.6608
5,147.247
5,146.951
5,148.5745
5,147.5617
5,149.6333
5,149.936
5,150.3422
5,150.6745
5,149.4862
5,150.5965
5,150.5313
5,148.4117
5,149.0242
5,148.9423
5,150.2201
5,150.3669
5,147.0455
5,148.8949
5,146.1227
5,148.7919
5,148.6037
5,148.7131
5,148.6861
5,147.71
5,148.6107
5,146.5972
5,147.4774
5,147.6841
5,147.485
5,147.141
5,145.1776
5,146.3818
5,144.356
5,146.2359
5,146.6971
5,146.2959
5,146.983
5,146.3104
5,145.4015
5,146.1436
5,144.7761
5,146.4323
5,124.2907
5,127.1095
5,129.012
5,111.4882
5,95.04456
5,103.1258
5,106.434
5,109.435
5,112.0833
5,114.7656
5,116.385
5,118.8558
5,121.1344
5,122.9298
5,124.626
5,126.2088
5,127.79
5,129.2758
5,130.7498
5,131.649
5,132.4775
5,133.4701
5,133.2755
5,133.4109
5,134.9099
5,137.4729
5,138.124
5,138.1268
5,138.9726
5,138.7979
5,139.8706
5,140.4603
5,141.448
5,141.6577
5,142.8909
5,142.8465
5,142.4364
5,143.1643
5,143.3048
5,142.7697
5,143.1297
5,142.9864
5,143.2487
5,142.7326
5,142.8625
5,143.2851
5,145.1481
5,145.2573
5,144.7909
5,144.5927
5,144.4514
5,144.8455
5,145.8784
5,145.8378
5,145.008
5,145.7989
5,145.9233
5,146.6515
5,146.2646
5,146.7189
5,148.1591
5,148.1245
5,146.6962
5,146.6172
5,146.5817
5,146.2636
5,145.9127
5,146.0223
5,145.5381
5,144.7222
5,145.3641
5,144.3316
5,144.7253
5,144.8063
5,145.7222
5,145.9455
5,145.0424
5,145.9034
5,145.4802
5,144.6728
5,145.4653
5,146.9144
5,146.5172
5,145.9926
5,145.4299
5,146.0278
5,145.5732
5,144.8621
5,146.2592
5,145.6662
5,145.4243
5,143.7055
5,143.5153
5,144.9688
5,144.7033
5,144.7102
5,149.1674
5,148.5734
5,145.2977
5,145.5068
5,145.0674
5,146.7301
5,147.2789
5,147.1895
5,145.8553
5,146.9588
5,146.9982
5,145.6201
5,145.4409
5,145.5436
5,145.6986
5,144.8699
5,144.8954
5,144.5127
5,144.5808
5,144.363
5,144.0355
5,144.3532
5,144.1048
5,143.9177
5,143.7406
5,151.7675
5,152.733
5,153.5394
5,153.0627
5,153.0228
5,153.0621
5,153.56
5,154.6866
5,153.4739
5,152.2279
5,151.2539
5,150.7389
5,148.1025
5,149.2207
5,148.7512
5,148.336
5,147.7658
5,149.0902
5,147.0542
5,148.5102
5,148.1703
5,147.0915
5,146.1986
5,146.5552
5,145.7082
5,145.5399
5,145.7366
5,146.9719
5,146.7231
5,145.9947
5,146.0793
5,146.2553
5,147.5938
5,147.668
5,146.5018
5,146.5372
5,145.6769
5,145.8129
5,145.6336
5,145.6573
5,145.6071
5,145.1148
5,144.6402
5,145.0815
5,144.3247
5,151.945
5,151.2266
5,152.2984
5,153.8938
5,154.6161
5,155.208
5,153.6039
5,153.4193
5,152.2409
5,153.6496
5,150.401
5,149.3326
6,149.3985
6,146.9224
6,148.2697
6,148.8483
6,148.6111
6,148.3432
6,148.3423
6,149.5368
6,148.8741
6,148.2119
6,147.1992
6,146.6386
6,146.9491
6,146.9173
6,145.64
6,145.7669
6,147.6385
6,147.3138
6,146.8321
6,146.3066
6,145.9037
6,146.1354
6,147.628
6,149.7639
6,148.1811
6,145.9906
6,145.8006
6,147.751
6,146.579
6,147.2788
6,146.7746
6,148.58
6,147.8414
6,145.0412
6,147.3548
6,146.9663
6,145.742
6,146.0155
6,146.0893
6,147.6783
6,152.5495
6,154.8265
6,153.0412
6,152.2499
6,152.3258
6,152.3582
6,151.9145
6,150.419
6,150.8627
6,149.0441
6,149.0457
6,149.7743
6,149.218
6,149.2853
6,148.378
6,146.812
6,146.3405
6,144.6523
6,144.9837
6,145.2162
6,145.7043
6,145.3259
6,144.7782
6,145.7067
6,144.5934
6,145.8811
6,145.9136
6,146.5489
6,145.908
6,145.6749
6,147.123
6,145.7599
6,146.7115
6,147.0029
6,147.4044
6,147.1704
6,146.3101
6,147.27
6,146.2306
6,148.2065
6,148.3431
6,147.7621
6,147.8924
6,148.1612
6,146.8948
6,147.9812
6,147.1078
6,147.7904
6,147.9354
6,148.4526
6,148.263
6,146.6613
6,147.5836
6,145.2765
6,146.8385
6,147.0633
6,147.1589
6,146.9534
6,146.3326
6,145.6521
6,142.5733
6,144.9527
6,145.6394
6,146.0832
6,146.4235
6,145.9585
6,144.5818
6,145.6205
6,144.6443
6,145.9927
6,146.4705
6,146.6022
6,146.4394
6,144.9538
6,146.2099
6,145.2898
6,146.121
6,146.2394
6,146.983
6,147.4615
6,146.2045
6,147.4504
6,145.6762
6,147.8106
6,148.5466
6,148.1127
6,148.7428
6,148.3261
6,147.606
6,147.885
6,146.5685
6,147.8289
6,147.924
6,148.3434
6,148.4414
6,146.4307
6,145.2043
6,145.9674
6,147.2255
6,147.5302
6,147.7538
6,147.7657
6,146.4115
6,145.0209
6,144.602
6,145.5859
6,146.4549
6,146.3399
6,146.7305
6,146.4872
6,143.3879
6,146.9812
6,145.2578
6,147.0742
6,147.5022
6,147.624
6,147.3907
6,145.8668
6,147.3989
6,145.4486
6,146.7799
6,147.0311
6,147.7785
6,147.8843
6,146.8028
6,147.4756
6,147.4364
6,147.1898
6,146.8724
6,147.8798
6,147.7652
6,146.8773
6,146.5353
6,147.5206
6,146.8178
6,147.849
6,147.4061
6,148.1005
6,148.4057
6,146.9679
6,147.8047
6,147.1757
6,148.0462
6,148.3193
6,147.9839
6,147.6668
6,147.1672
6,146.6512
6,146.2681
6,143.9954
6,144.3874
6,144.9099
6,145.8169
6,146.3168
6,144.747
6,146.1763
6,145.0404
6,146.478
6,146.964
6,146.9663
6,147.2008
6,145.7835
6,147.1853
6,146.211
6,146.6798
6,147.7541
6,147.9246
6,147.4902
6,147.4428
6,146.553
6,146.7437
6,146.1669
6,146.6759
6,145.2321
6,146.7152
6,146.8079
6,145.7449
6,146.8709
6,145.0475
6,146.6847
6,147.0526
6,146.9545
6,147.2928
6,145.8854
6,146.9932
6,146.3455
6,147.1662
6,147.5474
6,147.6833
6,147.6969
6,147.5181
6,146.7199
6,147.0542
6,146.2952
6,146.6634
6,146.4094
6,146.5409
6,146.0073
6,145.8741
6,146.8446
6,143.4228
6,146.1586
6,146.3308
6,146.2405
6,146.147
6,145.1684
6,146.9666
6,145.7446
6,147.2295
6,147.4651
6,148.2059
6,147.5152
6,147.4227
6,148.2513
6,147.8001
6,147.0021
6,147.4806
6,147.2484
6,147.4443
6,147.2845
6,146.6239
6,147.7588
6,146.5735
6,147.8932
6,147.3591
6,147.6031
6,148.0522
6,146.6289
6,147.9825
6,146.247
6,148.4577
6,148.4384
6,148.1727
6,148.4562
6,148.113
6,146.7842
6,147.4841
6,147.1033
6,147.9378
6,148.0688
6,148.1164
6,146.8191
6,146.5167
6,147.8773
6,146.4024
6,147.9844
6,147.0419
6,148.2447
6,148.2658
6,146.8453
6,148.0194
6,146.2362
6,146.5069
7,146.3472
7,147.0225
7,147.1274
7,146.9083
7,145.7764
7,147.1709
7,145.5304
7,146.6756
7,146.8181
7,147.1771
7,147.127
7,145.2001
7,146.7032
7,145.1349
7,146.8323
7,146.9754
7,147.2445
7,147.3711
7,146.2029
7,147.3248
7,146.4093
7,147.1259
7,145.9374
7,148.0861
7,147.7892
7,146.7542
7,146.1776
7,146.0791
7,145.53
7,146.5644
7,145.6548
7,146.3638
7,145.8348
7,145.1519
7,147.2049
7,145.6971
7,147.0108
7,147.359
7,147.6938
7,147.4785
7,146.4553
7,147.9756
7,146.9226
7,147.7578
7,147.1172
7,146.7416
7,147.3583
7,146.7461
7,145.4295
7,145.3847
7,143.8782
7,144.7153
7,144.531
7,145.2054
7,145.0384
7,144.2193
7,146.2785
7,145.2151
7,146.7952
7,146.2058
7,146.7038
7,147.2587
7,145.4175
7,146.7199
7,145.9037
7,146.5585
7,147.5059
7,147.5309
7,146.4369
7,147.5803
7,146.9397
7,147.9333
7,145.3701
7,146.5762
7,146.7818
7,146.8754
7,146.519
7,145.3882
7,146.0943
7,144.8066
7,146.5022
7,146.5806
7,147.041
7,147.0769
7,146.1878
7,147.4627
7,145.8109
7,147.4933
7,148.3996
7,148.1836
7,148.0452
7,147.8599
7,146.4662
7,146.3372
7,145.2701
7,145.4428
7,145.4398
7,146.1217
7,144.9839
7,144.7059
7,145.7395
7,145.2426
7,146.0046
7,146.6439
7,147.0074
7,147.0643
7,145.5925
7,146.8783
7,145.4391
7,146.8397
7,146.559
7,147.6156
7,147.3412
7,146.2403
7,147.6724
7,147.4913
7,147.7602
7,147.9001
7,147.8533
7,147.8316
7,147.5747
7,146.4898
7,147.8552
7,146.3596
7,147.4207
7,147.8062
7,148.228
7,148.0561
7,146.7446
7,147.9578
7,147.0522
7,147.9243
7,147.9261
7,148.3631
7,148.2446
7,147.6584
7,145.2824
7,145.308
7,145.6223
7,146.2123
7,145.9734
7,146.1497
7,145.8575
7,145.3622
7,146.7524
7,145.2401
7,145.8756
7,146.186
7,146.4993
7,146.2103
7,145.4028
7,146.7056
7,145.1134
7,146.8349
7,147.2869
7,147.2675
7,146.8988
7,145.7304
7,145.3474
7,144.6265
7,146.1724
7,146.3905
7,146.5874
7,147.003
7,145.4642
7,144.6824
7,144.9097
7,143.1995
7,145.1588
7,145.4745
7,145.7356
7,145.8811
7,145.0493
7,146.5378
7,132.8775
7,88.14381
7,86.90462
7,94.37585
7,99.18079
7,102.5619
7,105.4128
7,108.1262
7,110.7644
7,113.4035
7,115.996
7,117.9592
7,119.9401
7,120.6921
7,122.9203
7,124.3406
7,126.6738
7,129.9793
7,130.6376
7,131.8048
7,132.9952
7,134.4574
7,136.3947
7,137.8746
7,138.5004
7,138.518
7,138.9068
7,139.7553
7,139.2091
7,139.6433
7,140.5755
7,139.7379
7,140.9821
7,142.9458
7,142.3262
7,143.3262
7,145.1311
7,144.7528
7,144.8734
7,144.7685
7,146.545
7,146.2027
7,146.184
7,147.5058
7,149.7401
7,149.2757
7,150.0319
7,150.9946
7,150.6675
7,151.9093
7,151.0451
7,150.1435
7,149.422
7,148.5919
7,147.4925
7,147.8145
7,148.0402
7,148.8186
7,148.4646
7,146.8278
7,155.4089
7,153.6614
7,153.5154
7,150.6758
7,158.1076
7,158.7789
7,156.8873
7,157.7023
7,154.0413
7,153.1523
7,152.7237
7,153.1514
7,153.3962
7,152.7424
7,159.4374
7,157.1455
7,157.7276
7,156.5719
7,155.0285
7,154.2771
7,152.3944
7,151.0851
7,152.8302
7,150.9261
7,152.0475
7,150.655
7,151.527
7,151.248
7,149.7203
7,150.8772
7,148.6501
7,150.5102
7,150.3963
7,150.1051
7,149.8942
7,149.3616
7,148.7766
7,148.6236
7,147.3977
7,148.0433
7,147.7895
7,147.8231
7,148.3442
7,146.7508
7,147.0315
7,145.8821
7,147.0659
7,147.4494
7,147.2755
7,147.5155
7,146.5589
7,148.0237
7,145.5094
7,148.1849
7,148.5162
8,147.1988
8,146.9972
8,146.7148
8,147.4954
8,147.4932
8,145.5922
8,146.4352
8,146.1545
8,146.1671
8,146.8115
8,145.3087
8,146.7433
8,145.6395
8,146.6828
8,146.5599
8,146.8987
8,147.1609
8,145.7623
8,147.0702
8,146.173
8,147.018
8,147.4081
8,147.3616
8,147.4146
8,146.6611
8,147.6918
8,148.0361
8,146.2983
8,148.0546
8,147.2494
8,148.1886
8,147.613
8,146.6567
8,147.8382
8,146.3601
8,147.3864
8,147.3661
8,147.8956
8,148.1
8,147.031
8,148.082
8,146.7432
8,147.1265
8,148.2196
8,147.5239
8,147.8799
8,146.4174
8,144.6184
8,145.0679
8,143.9888
8,145.9237
8,146.2404
8,146.5081
8,146.1052
8,145.4826
8,146.2733
8,145.1719
8,146.2645
8,146.8068
8,146.8529
8,147.0304
8,145.8963
8,147.3333
8,146.0314
8,146.8904
8,147.1028
8,147.3086
8,147.2719
8,147.264
8,146.0898
8,147.2456
8,145.7244
8,146.5975
8,146.4613
8,146.3084
8,145.9867
8,146.1191
8,147.5128
8,144.2872
8,146.8974
8,147.3817
8,147.4704
8,147.6708
8,146.7647
8,147.6172
8,146.483
8,147.3404
8,147.5815
8,147.829
8,147.8591
8,147.7134
8,147.1948
8,147.4077
8,140.6215
8,143.7941
8,145.3146
8,119.5142
8,110.3199
8,87.69659
8,91.6488
8,99.06036
8,100.1342
8,106.672
8,107.9577
8,110.6098
8,112.9304
8,119.9057
8,119.9908
8,115.3176
8,117.9333
8,120.5257
8,123.356
8,126.2366
8,127.6459
8,130.0995
8,131.6427
8,133.1104
8,133.6903
8,134.9132
8,137.2986
8,138.0345
8,138.5698
8,138.5966
8,139.4645
8,138.3867
8,140.0675
8,142.3534
8,142.7954
8,142.289
8,142.8064
8,140.7824
8,141.1486
8,140.8995
8,143.4771
8,142.9325
8,143.4521
8,142.1098
8,150.3689
8,152.1677
8,150.7243
8,135.3476
8,143.3228
8,147.5039
8,148.7364
8,148.5921
8,149.1743
8,148.2166
8,148.2168
8,149.546
8,149.1198
8,148.6798
8,150.1899
8,149.5861
8,149.3098
8,148.2216
8,147.8372
8,149.5781
8,148.8926
8,146.2183
8,145.207
8,146.1504
8,147.2993
8,147.161
8,146.0813
8,146.3436
8,146.1156
8,143.4963
8,152.2353
8,157.1282
8,155.826
8,156.7412
8,155.3543
8,153.5452
8,153.6071
8,151.904
8,151.0792
8,152.1466
8,151.7368
8,150.9426
8,150.2578
8,149.136
8,149.9658
8,147.5035
8,150.4723
8,150.1996
8,150.1403
8,149.7452
8,148.4829
8,148.8079
8,147.1908
8,148.6868
8,148.1383
8,148.7069
8,148.2122
8,147.2703
8,148.0405
8,147.072
8,147.9743
8,148.6192
8,148.4134
8,148.8066
8,147.6287
8,146.9589
8,148.2678
8,146.8684
8,147.4729
8,147.6559
8,148.6071
8,148.2246
8,146.7507
8,147.7939
8,146.8646
8,147.6034
8,147.7423
8,148.3223
8,148.5258
8,147.3819
8,147.9109
8,147.5237
8,146.5385
8,146.3878
8,146.8227
8,147.1878
8,147.825
8,146.5734
8,147.4607
8,146.7569
8,147.7999
8,147.309
8,148.1276
8,148.059
8,146.8168
8,148.1978
8,145.349
8,147.0034
8,147.1242
8,147.6959
8,147.8231
8,146.7808
8,146.8045
8,146.8323
8,145.9255
8,147.1882
8,147.2357
8,147.6061
8,147.2657
8,146.2086
8,147.0452
8,145.8956
8,146.4818
8,146.099
8,146.579
8,146.9166
8,146.0175
8,146.9949
8,145.884
8,146.8557
8,147.5489
8,146.4289
8,147.7649
8,146.9936
8,145.5466
8,145.6943
8,146.0882
8,146.4579
8,146.9531
8,147.1841
8,146.1834
8,145.5687
8,146.9404
8,145.8028
8,146.9285
8,147.3774
8,147.1917
8,147.4562
8,146.8117
8,147.1536
8,146.0202
8,147.1388
8,147.5564
8,147.7126
8,146.8497
8,148.2537
8,146.6543
8,148.0896
8,147.1293
8,148.4625
9,148.6753
9,148.6469
9,147.9634
9,147.5406
9,147.8368
9,146.1588
9,147.6079
9,147.4351
9,147.9887
9,147.81
9,146.8875
9,147.9832
9,147.2194
9,147.946
9,148.2254
9,148.1208
9,148.3904
9,147.6306
9,146.2447
9,147.0376
9,145.8514
9,146.5858
9,147.5357
9,146.4226
9,147.7294
9,146.8367
9,148.1778
9,141.2594
9,147.74
9,148.3837
9,144.6074
9,144.6741
9,144.311
9,144.3605
9,144.318
9,145.5588
9,145.4872
9,145.5286
9,145.0477
9,145.1892
9,146.6353
9,146.7497
9,144.7752
9,145.2474
9,145.551
9,145.448
9,145.7681
9,144.1785
9,146.4115
9,145.1592
9,145.8821
9,146.026
9,146.0576
9,146.2642
9,145.7694
9,147.044
9,145.6218
9,147.333
9,147.64
9,147.8177
9,147.8977
9,146.7212
9,147.9436
9,148.1131
9,146.0496
9,146.5571
9,146.3466
9,146.6138
9,146.8994
9,145.3761
9,146.6573
9,145.8398
9,147.0713
9,147.2645
9,147.3644
9,147.642
9,146.2038
9,147.2806
9,146.3462
9,146.8819
9,147.7528
9,147.2319
9,147.346
9,146.8491
9,146.6235
9,147.4002
9,146.7428
9,147.0616
9,146.0377
9,147.2745
9,147.3462
9,146.2298
9,147.4894
9,145.2538
9,146.976
9,145.9871
9,146.9958
9,146.8384
9,145.7544
9,147.4194
9,146.2291
9,147.6216
9,147.9232
9,146.8728
9,148.1163
9,147.9955
9,146.9046
9,147.1384
9,145.4594
9,146.2759
9,146.4445
9,146.5276
9,144.4701
9,145.9189
9,147.515
9,146.2877
9,147.1512
9,146.8941
9,147.1953
9,147.6552
9,146.4768
9,146.8955
9,146.5738
9,147.9311
9,147.9948
9,148.0658
9,147.9538
9,147.1181
9,146.3875
9,146.6507
9,144.8217
9,145.7722
9,145.7835
9,146.4286
9,144.7779
9,145.3729
9,145.6585
9,145.3891
9,145.7733
9,146.5378
9,146.7043
9,145.9944
9,145.4996
9,146.8025
9,145.8722
9,147.2064
9,147.5121
9,147.446
9,147.3661
9,146.3287
9,144.6739
9,144.7543
9,145.291
9,145.9047
9,145.8622
9,145.8517
9,145.736
9,145.7905
9,146.6071
9,145.5594
9,146.6294
9,146.7112
9,147.054
9,147.2249
9,145.7748
9,146.8738
9,145.9466
9,147.2735
9,147.0264
9,147.9463
9,147.7963
9,142.8961
9,143.1682
9,142.2315
9,143.9977
9,145.2938
9,145.1803
9,145.3472
9,144.7082
9,146.0766
9,146.1723
9,144.9522
9,145.4936
9,145.5996
9,145.439
9,145.5723
9,144.5977
9,145.4454
9,143.4481
9,146.4342
9,146.5052
9,147.1135
9,147.4425
9,145.8394
9,147.2919
9,146.5911
9,147.3823
9,147.8586
9,146.9949
9,147.3216
9,146.4098
9,146.3152
9,145.911
9,146.6129
9,147.3773
9,147.3519
9,147.3071
9,147.4847
9,146.0635
9,147.1546
9,145.5255
9,147.9533
9,146.3376
9,148.0553
9,148.3429
9,146.8409
9,147.7757
9,146.416
9,147.4185
9,148.0017
9,147.5098
9,148.2932
9,147.4618
9,147.015
9,148.1983
9,146.82
9,148.06
9,148.2719
9,148.7303
9,148.6376
9,146.7211
9,147.5837
9,145.8256
9,146.8676
9,147.216
9,147.8285
9,147.856
9,146.4617
9,147.6477
9,146.3588
9,146.8966
9,146.981
9,146.8476
9,147.196
9,145.6379
9,145.8783
9,122.4973
9,125.4971
9,113.5899
9,94.7868
9,102.7003
9,106.5048
9,109.0699
9,113.182
9,115.3
9,118.0583
9,119.7963
9,122.0506
9,124.0696
9,127.3838
9,128.26
9,130.1603
9,130.7606
9,132.0725
9,132.9825
9,133.8042
9,133.1461
9,135.0814
9,137.3557
9,137.8994
9,137.938
9,139.6041
9,138.9178
9,140.0513
9,142.4868
9,142.2055
9,142.3524
9,142.8578
9,142.6066
9,142.8123
9,142.1599
9,142.0443
9,141.6797
9,142.5268
9,142.3998
9,142.4799
9,142.9278
9,142.5361
10,142.8835
10,142.8464
10,142.8674
10,142.6984
10,145.0163
10,145.4622
10,144.6612
10,152.8238
10,153.0923
10,154.7004
10,154.3502
10,154.1291
10,155.186
10,153.3184
10,153.0094
10,153.4882
10,152.5252
10,150.1011
10,149.0713
10,150.191
10,149.5797
10,151.3936
10,150.9625
10,150.5153
10,149.8453
10,148.579
10,148.2588
10,147.7486
10,147.5361
10,146.1275
10,146.6849
10,146.0779
10,143.5961
10,144.2057
10,143.416
10,144.6573
10,146.1161
10,146.25
10,147.0946
10,146.7405
10,146.546
10,148.3918
10,155.4655
10,155.827
10,157.1512
10,156.3964
10,156.7325
10,156.851
10,155.5486
10,154.7905
10,153.2363
10,152.762
10,151.0547
10,150.7887
10,150.2158
10,157.7944
10,158.163
10,158.2716
10,156.0053
10,156.3334
10,155.5126
10,154.9338
10,154.3233
10,151.8457
10,152.7037
10,150.9113
10,151.5432
10,149.9716
10,151.2103
10,150.6552
10,149.2885
10,149.8252
10,148.6556
10,149.5595
10,149.6765
10,148.7355
10,149.1896
10,148.2515
10,147.7106
10,148.6433
10,147.0417
10,147.7102
10,147.994
10,147.7651
10,148.0471
10,147.1268
10,147.8918
10,147.2166
10,147.9754
10,148.1476
10,149.0595
10,148.6108
10,148.2318
10,147.2565
10,147.6882
10,147.0435
10,146.7927
10,146.4614
10,146.1278
10,146.1616
10,145.4003
10,145.8151
10,144.5799
10,145.4179
10,145.8954
10,146.4904
10,147.2068
10,145.149
10,146.297
10,145.4505
10,146.1185
10,145.7731
10,147.2457
10,146.4154
10,146.8221
10,147.947
10,145.5617
10,147.1884
10,147.3159
10,147.6372
10,147.3917
10,146.8153
10,145.6568
10,147.4453
10,146.8752
10,147.8315
10,147.6214
10,147.6949
10,148.1452
10,146.4116
10,148.0836
10,146.4678
10,148.1118
10,148.3092
10,148.3815
10,148.1371
10,147.2831
10,146.1888
10,144.7196
10,145.7515
10,145.9146
10,146.0276
10,146.9027
10,146.6997
10,145.4253
10,146.5695
10,145.2177
10,145.9847
10,146.3328
10,146.757
10,147.0678
10,145.517
10,146.6185
10,145.3353
10,146.3352
10,146.3851
10,147.2211
10,147.1472
10,145.1227
10,147.0608
10,145.8917
10,146.527
10,147.1707
10,147.0904
10,147.5478
10,146.2489
10,146.9598
10,147.4377
10,146.7407
10,147.3873
10,147.5474
10,147.6408
10,147.575
10,146.8409
10,147.9429
10,146.628
10,147.0601
10,148.1226
10,148.9507
10,148.0513
10,146.2443
10,147.2384
10,144.9526
10,147.1684
10,147.3878
10,146.9851
10,146.9992
10,146.6505
10,146.0886
10,147.2959
10,145.7852
10,145.6332
10,147.1248
10,147.528
10,147.8073
10,145.9762
10,147.0625
10,146.1239
10,146.8051
10,147.0833
10,147.8078
10,148.2426
10,146.8229
10,144.965
10,144.1339
10,146.2218
10,146.2801
10,146.2602
10,146.1952
10,146.2863
10,145.5362
10,146.4996
10,144.9395
10,146.1942
10,145.8914
10,146.6653
10,147.1014
10,146.1134
10,147.4592
10,146.2828
10,144.7267
10,147.265
10,148.2105
10,148.0632
10,146.2603
10,147.2036
10,146.4147
10,147.4811
10,147.5068
10,147.7899
10,148.3317
10,148.3985
10,143.4804
10,147.7351
10,146.9442
10,147.5169
10,147.1754
10,147.8023
10,147.9727
10,146.2188
10,146.8018
10,143.9554
10,145.9196
10,144.5896
10,147.0362
10,147.2888
10,143.7345
10,145.4938
10,144.9248
10,145.4851
10,145.5966
10,145.0332
10,145.761
10,144.3512
10,145.4824
10,145.2471
10,142.4263
10,141.2398
10,143.438
10,143.84
10,141.6898
10,141.8232
10,141.9424
10,138.3771
10,142.3677
10,142.3589
10,142.748
10,140.7661
10,142.526
10,142.8443
10,140.2167
10,142.4827
10,132.2124
10,135.5433
10,130.4428
10,118.1447
10,117.1485
10,112.3346
10,110.4235
10,105.046
10,105.9482
10,105.9831
10,102.1015
10,102.2068
10,98.76014
10,102.1891
10,101.4779
11,95.72414
11,99.00121
11,95.7617
11,101.2586
11,94.56453
11,93.75919
11,87.09846
11,89.44134
11,88.62183
11,90.33365
11,86.52597
11,87.4073
11,91.21581
11,95.79102
11,97.02547
11,93.49328
11,97.47377
11,100.9736
11,102.6259
11,106.7688
11,107.9737
11,109.2491
11,109.9016
11,107.3447
11,110.5508
11,114.9309
11,117.8372
11,121.7301
11,125.4443
11,125.3992
11,129.7224
11,132.4705
11,134.9272
11,137.9408
11,139.3673
11,141.9038
11,144.1721
11,144.8883
11,147.5627
11,148.9888
11,150.5309
11,152.9205
11,153.8899
11,153.828
11,155.5953
11,154.2368
11,155.0526
11,156.6156
11,157.7117
11,158.8949
11,159.8471
11,159.3313
11,161.2103
11,155.1561
11,162.4886
11,163.3194
11,162.848
11,164.1399
11,164.8938
11,161.5987
11,163.1335
11,162.1567
11,163.3139
11,163.4852
11,162.4235
11,162.6688
11,162.7478
11,161.2844
11,160.0045
11,162.596
11,160.7645
11,160.9898
11,160.2969
11,159.5473
11,161.5493
11,158.1354
11,160.2183
11,158.1246
11,159.5369
11,159.4027
11,158.1396
11,159.1122
11,159.4994
11,158.4689
11,160.0523
11,156.3709
11,157.974
11,158.8996
11,157.9309
11,159.0057
11,157.6405
11,155.952
11,157.168
11,155.5552
11,157.3731
11,158.0594
11,157.4183
11,159.2143
11,159.3027
11,157.9269
11,160.0044
11,158.5114
11,158.8059
11,155.7189
11,150.2782
11,149.3261
11,146.5479
11,143.9438
11,140.9622
11,139.7146
11,139.3797
11,143.175
11,141.6049
11,141.0697
11,144.5119
11,141.6122
11,142.8629
11,143.6607
11,146.6297
11,149.1046
11,146.6387
11,145.9389
11,143.7776
11,144.4351
11,144.0932
11,146.5264
11,149.2108
11,148.3309
11,146.7453
11,149.2728
11,146.3529
11,148.6273
11,147.2608
11,149.9058
11,151.3372
11,150.2791
11,147.9102
11,143.6693
11,146.4674
11,144.3772
11,147.0324
11,149.1952
11,146.5915
11,141.4878
11,141.135
11,143.251
11,143.038
11,144.6424
11,146.8775
11,144.8605
11,143.7683
11,141.3208
11,140.7069
11,143.4999
11,142.6528
11,145.0748
11,143.7367
11,142.0162
11,141.176
11,140.9709
11,142.7374
11,141.0036
11,143.4641
11,144.9293
11,144.9207
11,147.5078
11,145.8965
11,149.2485
11,150.7088
11,151.6912
11,154.3916
11,154.3257
11,154.7597
11,156.2554
11,154.7566
11,156.4246
11,153.1112
11,156.474
11,157.8478
11,156.9259
11,156.1941
11,157.2673
11,156.1799
11,157.3229
11,156.946
11,155.4063
11,156.2819
11,153.2956
11,155.0518
11,154.0463
11,155.248
11,155.1724
11,154.6998
11,155.0503
11,155.0237
11,154.6225
11,155.7529
11,154.6404
11,153.9944
11,149.7542
11,149.9363
11,150.1013
11,148.4212
11,150.2586
11,148.612
11,146.8795
11,120.9585
11,120.1877
11,123.233
11,116.7149
11,117.7402
11,118.154
11,121.0735
11,123.366
11,126.2068
11,128.3492
11,128.8588
11,131.2255
11,127.7694
11,129.7527
11,130.4988
11,133.4062
11,133.2462
11,133.5989
11,120.8646
11,120.4723
11,117.6302
11,122.7843
11,117.9968
11,120.6625
11,119.8881
11,123.0253
11,124.4167
11,126.3415
11,124.6031
11,127.0084
11,127.508
11,109.3482
11,105.8354
11,108.9637
11,112.3406
11,112.5499
11,115.7938
11,115.9461
11,121.2646
11,124.2207
11,123.5599
11,126.4724
11,128.7673
11,130.5228
11,134.0191
11,134.6168
11,137.3522
11,138.2298
11,140.3488
11,141.4432
11,142.0167
11,142.9843
11,143.9637
11,145.3529
11,146.5638
11,144.832
11,146.5963
11,144.0605
11,148.4416
11,149.1371
11,146.9683
11,146.2365
11,142.3025
11,139.4378
11,137.7035
11,139.8429
11,138.2804
11,137.5518
11,131.5491
11,130.1124
11,125.2667
11,129.2231
11,120.1716
12,122.9023
12,113.5609
12,109.5262
12,108.79
12,114.598
12,114.7364
12,113.2252
12,116.2231
12,116.9607
12,118.5756
12,118.3082
12,120.5582
12,121.3671
12,123.5966
12,126.4441
12,129.1985
12,132.1373
12,133.2302
12,135.196
12,137.4499
12,137.9736
12,140.1755
12,142.2559
12,142.7848
12,144.297
12,144.3083
12,145.6759
12,147.308
12,146.9074
12,149.1371
12,149.6219
12,150.5429
12,151.6068
12,150.0348
12,151.8456
12,151.3328
12,152.529
12,152.9364
12,125.5873
12,131.7957
12,132.5711
12,116.5055
12,84.68182
12,85.80069
12,93.14893
12,96.87129
12,100.0499
12,103.1988
12,106.0231
12,108.7302
12,111.5674
12,115.621
12,117.955
12,119.8229
12,121.8191
12,123.6351
12,125.1644
12,127.1956
12,128.0004
12,129.6478
12,131.2343
12,132.3479
12,133.4521
12,133.967
12,134.5534
12,142.0918
12,142.204
12,142.6872
12,142.9529
12,142.8616
12,142.2584
12,142.3446
12,142.9187
12,143.0487
12,143.2134
12,143.1154
12,143.1326
12,142.5339
12,141.6206
12,143.1093
12,148.6087
12,147.2248
12,148.7051
12,150.2443
12,151.1486
12,150.7806
12,150.4681
12,147.4436
12,148.0376
12,147.4781
12,147.7299
12,147.0042
12,146.081
12,145.6606
12,145.9723
12,145.6305
12,145.7676
12,145.0082
12,144.3823
12,142.8078
12,144.8296
12,144.7666
12,144.621
12,144.2714
12,143.937
12,144.0685
12,143.9767
12,143.7522
12,144.0934
12,143.605
12,143.3449
12,144.1846
12,145.9183
12,145.5726
12,145.3234
12,144.8947
12,145.6035
12,145.0617
12,144.8846
12,144.5433
12,144.0584
12,142.5497
12,142.2545
12,142.5712
12,142.1738
12,142.388
12,142.868
12,144.025
12,151.657
12,151.0083
12,150.0371
12,149.7944
12,147.0263
12,145.6634
12,145.5399
12,143.2675
12,142.894
12,140.8067
12,141.2163
12,141.6946
12,141.5998
12,141.749
12,142.3743
12,144.453
12,143.7571
12,143.312
12,143.2543
12,144.1129
12,143.6938
12,143.3378
12,143.7177
12,144.2567
12,143.4223
12,143.1339
12,142.9447
12,143.9352
12,143.4926
12,142.9163
12,143.444
12,143.5222
12,143.4126
12,143.5732
12,142.682
12,143.3054
12,143.8495
12,143.2533
12,143.4079
12,143.6259
12,143.5995
12,142.5964
12,143.1553
12,142.4321
12,143.5697
12,144.2181
12,146.2382
12,146.1206
12,144.9799
12,144.4526
12,145.4134
12,145.1484
12,145.2148
12,144.7891
12,142.9023
12,142.368
12,143.367
12,148.0858
12,152.073
12,152.3856
12,132.2186
12,129.5138
12,116.623
12,107.3532
12,99.53616
12,98.87871
12,99.1905
12,102.1332
12,98.63143
12,99.84005
12,100.4354
12,100.4835
12,96.30093
12,95.568
12,93.26794
12,96.61147
12,96.51676
12,99.3349
12,96.63068
12,95.05856
12,96.32429
12,96.64788
12,94.3882
12,97.83424
12,101.2554
12,105.6014
12,106.2286
12,109.3359
12,112.5156
12,116.9205
12,119.7401
12,124.1615
12,127.7765
12,130.7633
12,133.0207
12,136.0353
12,137.8833
12,141.0604
12,143.4152
12,145.7497
12,147.6516
12,149.8664
12,150.4258
12,152.6287
12,154.5169
12,155.7966
12,156.8076
12,157.795
12,159.2812
12,159.5618
12,159.7164
12,161.0283
12,161.9122
12,160.9109
12,162.5356
12,163.5254
12,163.9838
12,164.1628
12,164.6599
12,163.5858
12,165.3655
12,164.1284
12,165.2529
12,165.9019
12,165.9054
12,165.0969
12,165.6228
12,163.7934
12,164.7404
12,161.5329
12,163.7907
12,164.2525
12,163.9517
12,163.6331
12,164.0722
12,162.7188
12,163.5953
12,163.9092
12,162.5061
12,161.2884
12,163.3489
12,162.9203
12,157.3469
13,153.6279
13,151.8441
13,147.5424
13,139.3633
13,127.4642
13,125.941
13,120.156
13,112.6096
13,111.5177
13,106.8564
13,107.8042
13,104.0909
13,102.0511
13,107.6982
13,110.9229
13,110.1921
13,103.9636
13,101.4453
13,105.1468
13,104.6388
13,105.8685
13,102.8558
13,99.43961
13,101.6105
13,99.23924
13,101.124
13,100.5772
13,101.1809
13,97.16682
13,102.7612
13,104.2716
13,108.9262
13,104.9873
13,105.7613
13,107.0321
13,107.0665
13,111.7284
13,115.7791
13,115.7534
13,118.8311
13,114.3128
13,118.981
13,117.2486
13,119.3962
13,116.9127
13,120.5469
13,119.9102
13,122.2061
13,124.5813
13,128.4068
13,132.4701
13,131.48
13,135.0514
13,137.6455
13,135.3264
13,139.7724
13,137.6853
13,143.5776
13,144.8906
13,144.2081
13,146.1183
13,138.6366
13,145.1736
13,148.4192
13,146.207
13,150.7976
13,148.3989
13,149.3499
13,152.395
13,143.5094
13,150.6099
13,150.4218
13,152.3163
13,154.287
13,147.6223
13,150.9614
13,148.8366
13,149.0457
13,150.6974
13,144.1011
13,149.8687
13,148.1939
13,149.0816
13,152.0859
13,152.9256
13,155.5393
13,157.2549
13,157.1684
13,159.5253
13,161.4554
13,155.7568
13,159.5055
13,160.1471
13,162.2762
13,164.1815
13,158.0386
13,156.3284
13,162.5881
13,158.9704
13,161.6051
13,162.1628
13,162.2582
13,162.1843
13,162.4088
13,165.1508
13,166.4269
13,165.1697
13,167.5574
13,168.5317
13,164.756
13,167.2564
13,168.9492
13,166.8576
13,168.3788
13,168.0028
13,168.5612
13,169.0612
13,168.5205
13,169.5615
13,169.9464
13,167.2915
13,168.4889
13,168.9444
13,165.0503
13,166.4131
13,164.4448
13,166.7834
13,167.4413
13,167.9584
13,166.6736
13,168.5535
13,167.2912
13,168.9951
13,169.4907
13,168.7711
13,166.8386
13,168.4396
13,163.1161
13,166.6036
13,166.1631
13,164.8983
13,166.7878
13,166.1108
13,165.3163
13,166.7726
13,164.2457
13,165.2318
13,166.3687
13,164.277
13,166.4541
13,167.0633
13,164.4396
13,164.8939
13,162.3739
13,162.4695
13,163.3501
13,155.1523
13,156.2307
13,148.7645
13,153.4135
13,152.2509
13,152.831
13,156.1176
13,156.0782
13,158.6302
13,160.0706
13,159.1972
13,158.6418
13,161.5575
13,160.6849
13,162.6046
13,163.8289
13,164.3495
13,164.8238
13,165.3976
13,165.9312
13,163.9859
13,163.3668
13,165.2118
13,166.28
13,158.7874
13,162.3679
13,163.2707
13,164.1907
13,164.7403
13,165.0335
13,162.149
13,164.7894
13,158.8329
13,162.0506
13,162.5263
13,163.422
13,163.6869
13,161.5785
13,154.8825
13,158.1919
13,150.0953
13,152.4841
13,150.9151
13,153.0014
13,153.2283
13,155.5762
13,151.8991
13,149.5029
13,153.5454
13,153.8767
13,154.5097
13,155.2595
12,156.01
12,158.5937
12,159.1541
12,160.1818
12,161.8873
12,162.7768
12,162.1517
12,163.5966
12,163.6126
12,163.7029
12,164.7393
12,165.4474
12,165.6753
12,166.9384
12,167.0553
12,166.8754
12,167.2801
12,163.3256
12,166.5977
12,165.4792
12,167.5598
12,167.5635
12,168.1427
12,165.9876
12,166.7089
12,165.0551
12,160.9411
12,158.3326
12,137.3202
12,135.7872
12,104.4196
12,81.11213
12,88.15745
12,92.55482
12,99.3487
12,102.2213
12,103.4426
12,106.8581
12,113.0434
12,115.1174
12,119.7384
12,119.7606
12,125.0068
12,130.3076
12,132.9755
12,130.8039
12,135.5386
12,142.0163
12,129.7593
12,126.4568
12,121.9193
12,115.4358
12,115.3319
12,117.4176
12,114.4947
12,113.6386
12,113.3414
12,114.2005
12,112.7794
12,117.1934
12,114.1249
12,120.4969
12,120.0379
12,123.204
12,124.8589
12,128.9872
12,132.5827
12,135.0532
12,137.6381
12,140.5358
12,140.6406
12,143.9288
13,147.2784
13,148.0208
13,151.0064
13,153.6773
13,153.6363
13,156.1268
13,157.1856
13,157.3409
13,158.7858
13,159.5371
13,160.5361
13,161.7812
13,160.0287
13,160.8589
13,163.1173
13,152.7855
13,152.7228
13,146.4687
13,133.2358
13,136.9471
13,139.7329
13,136.45
13,140.4788
13,140.3306
13,143.1804
13,145.4389
13,146.7846
13,148.6986
13,147.976
13,150.763
13,152.9844
13,153.6287
13,154.5941
13,156.408
13,155.1322
13,157.3089
13,158.5636
13,157.2884
13,159.4985
13,158.6521
13,160.0369
13,160.2602
13,159.7192
13,160.6065
13,162.1148
13,159.1434
13,160.7209
13,159.0849
13,158.1626
13,159.5939
13,159.0497
13,160.5879
13,161.1586
13,158.5673
13,156.3611
13,150.0384
13,152.6314
13,138.3551
13,144.1518
13,133.0892
13,130.9903
13,133.584
13,134.0656
13,131.8023
13,133.557
13,127.5853
13,131.3376
13,124.7748
13,120.6297
13,122.5643
13,125.8664
13,123.759
13,127.4233
13,127.757
13,131.8415
13,134.8689
13,133.2296
13,138.2133
13,140.6097
13,142.8085
13,145.5662
13,147.1409
13,149.5941
13,151.7895
13,153.1656
13,155.5574
13,156.7414
13,157.6491
13,159.0265
13,160.8259
13,160.3493
13,162.5153
13,163.4837
13,162.04
13,162.8361
13,163.3223
13,162.2772
13,163.0283
13,161.2642
13,162.6279
13,161.8551
13,161.9735
13,162.5748
13,159.9465
13,163.9405
13,164.3651
13,163.6596
13,163.5345
13,164.222
13,162.1123
13,154.6396
13,147.7124
13,152.4204
13,153.9738
13,155.3685
13,155.5834
13,157.2201
13,158.492
13,159.3483
13,159.6446
13,153.5138
13,136.0928
13,139.7594
13,134.8911
13,134.2653
13,126.6752
13,127.9935
13,125.5019
13,126.2799
13,128.5104
13,129.2192
13,130.1675
13,129.3329
13,100.681
13,103.2629
13,109.9604
13,111.9923
13,117.0268
13,119.8912
13,116.7958
13,107.5964
13,108.5116
13,103.0866
13,109.1611
13,111.5353
13,107.8739
13,108.5782
13,106.1992
13,107.3074
13,104.7068
13,102.0989
13,102.4938
13,102.4106
13,98.78642
13,100.5584
13,101.8246
13,102.3279
13,96.60188
13,99.47063
13,100.4921
13,105.0363
13,104.1854
13,103.5717
13,104.18
13,98.22967
13,93.7373
13,89.12259
13,83.15123
13,88.50089
13,84.82483
13,80.96549
13,81.74578
13,85.96928
13,86.94377
13,92.8295
13,90.40975
13,96.57396
13,96.53393
13,100.9491
13,102.4333
13,103.1528
13,106.3102
13,111.0059
13,113.7022
13,116.605
13,119.7451
13,119.6754
13,122.2532
13,123.3224
13,124.6253
13,116.3864
13,110.622
13,115.1742
13,117.9781
13,118.0305
13,122.2546
13,125.3547
13,128.9132
13,132.7854
13,135.836
13,138.1591
13,141.5718
13,143.6718
13,145.7846
13,148.9469
13,150.695
13,151.7628
13,155.1428
13,156.8522
13,157.5472
13,159.6351
13,160.3863
13,161.309
13,163.5325
13,163.8792
13,163.5802
13,164.3062
13,164.4797
13,163.8909
13,164.8808
13,165.2464
13,163.4566
13,163.805
13,165.8629
13,166.9854
13,167.6341
13,168.5415
13,169.5585
13,170.004
13,170.6271
13,172.3285
13,171.1792
13,172.4691
13,173.5829
13,171.5127
13,172.1092
13,173.2028
13,172.0412
13,161.0756
13,151.8216
13,147.788
13,144.6143
13,148.5941
13,144.9402
13,147.3662
13,149.3932
13,150.5271
13,152.2724
13,154.8345
13,154.8654
13,157.0875
13,156.9992
13,159.21
13,160.1724
13,158.8097
13,160.6867
13,161.5775
13,160.2283
13,161.7802
13,162.0149
13,162.3186
13,163.097
13,160.352
13,162.4837
13,163.4594
13,161.9115
13,163.0868
13,164.0726
13,165.1733
13,165.5919
13,165.2904
13,166.148
13,166.4478
13,166.6192
13,166.8514
13,166.9365
14,167.5836
14,167.137
14,167.3925
14,166.6357
14,156.2741
14,147.3409
14,142.119
14,141.8166
14,144.3972
14,140.8114
14,144.2885
14,146.9868
14,147.1731
14,148.6432
14,149.5594
14,152.684
14,153.9279
14,153.8248
14,156.0473
14,157.6608
14,156.863
14,158.7854
14,159.6312
14,159.5043
14,162.4803
14,161.4126
14,162.4101
14,162.4728
14,160.2672
14,160.299
14,158.9967
14,157.9538
14,157.965
14,158.1229
14,157.2872
14,142.9038
14,126.7078
14,106.7409
14,97.90043
14,103.3543
14,106.1388
14,112.3703
14,114.9146
14,120.0192
14,121.4676
14,121.6049
14,118.9772
14,117.5111
14,116.6503
14,110.0747
14,109.7101
14,110.4155
14,109.343
14,110.3206
14,110.9175
14,111.7567
14,107.7378
14,110.6104
14,109.6613
14,112.6608
14,110.6897
14,111.5309
14,112.7556
14,113.9385
14,110.822
14,114.3476
14,114.1876
14,117.6701
14,119.7815
14,124.0698
14,122.7245
14,127.5509
14,122.8189
14,126.7678
14,128.9373
14,133.091
14,135.8094
14,134.9317
14,136.8749
14,136.6793
14,133.8608
14,140.4545
14,135.4981
14,140.6577
14,138.1978
14,141.6428
14,142.3461
14,139.4743
14,142.4256
14,139.4696
14,142.6835
14,142.1142
14,142.7204
14,146.0087
14,142.8068
14,146.1102
14,145.4014
14,145.3896
14,148.2139
14,145.224
14,148.1185
14,146.375
14,145.5375
14,149.2987
14,144.6536
14,148.9246
14,146.668
14,148.0651
14,150.2698
14,146.3598
14,149.9664
14,147.2983
14,148.9669
14,150.9922
14,146.9574
14,149.8122
14,147.3817
14,149.4643
14,150.9465
14,146.628
14,149.5926
14,147.9452
14,149.5928
14,152.1796
14,146.0755
14,149.4305
14,144.4788
14,148.3394
14,150.3109
14,146.3366
14,149.2572
14,145.0884
14,147.8578
14,147.2511
14,146.844
14,149.0939
14,145.343
14,148.7602
14,145.9789
14,147.8067
14,149.7976
14,145.8211
14,148.8276
14,147.2787
14,148.6272
14,150.2933
14,146.0463
14,149.2943
14,146.6867
14,148.4081
14,150.6002
14,146.4179
14,149.4007
14,147.0005
14,149.18
14,151.1161
14,146.3718
14,150.0149
14,146.6799
14,148.7392
14,151.1359
14,146.0414
14,150.6967
14,147.2821
14,148.2614
14,149.4688
14,146.6213
14,148.8998
14,144.7637
14,147.5579
14,145.7639
14,145.7524
14,147.383
14,142.9164
14,144.647
14,140.3445
14,143.4941
14,142.3385
14,142.605
14,144.9431
14,141.9104
14,145.0503
14,143.3249
14,144.4936
14,146.8227
14,143.3374
14,147.0123
14,143.8771
14,146.6025
14,148.3184
14,144.1663
14,147.9252
14,144.2861
14,146.993
14,148.2608
14,145.587
14,147.9379
14,143.575
14,146.3501
14,144.2221
14,145.439
14,147.1177
14,143.488
14,146.5889
14,141.8711
14,144.6689
14,146.279
14,143.4449
14,145.9979
14,143.0854
14,145.7063
14,142.2955
14,143.1085
14,145.5065
14,141.7055
14,145.0901
14,141.4859
14,144.6724
14,144.7739
14,143.7641
14,145.5668
14,141.8583
14,145.3837
14,143.1096
14,144.5286
14,146.8907
14,143.0184
14,145.3621
14,141.8841
14,144.6475
14,145.196
14,142.1162
14,144.6856
14,141.7619
14,144.4593
14,142.0144
14,143.7483
14,145.5345
14,142.3027
14,146.2071
14,143.0537
14,146.2565
14,148.2381
14,143.3046
14,147.5368
14,143.6319
14,146.7334
14,146.6319
14,145.7705
14,143.7701
14,143.0489
14,146.2362
14,143.6912
14,145.7326
14,147.3283
14,143.8258
14,147.4352
14,143.7142
14,146.8112
14,148.3648
14,145.23
14,148.6733
14,143.9043
14,147.5896
14,148.5615
14,145.4305
14,148.1601
14,144.4275
14,146.8446
14,140.9243
14,143.8394
14,143.3836
14,142.9963
14,145.4808
14,141.9323
14,144.8446
14,143.9856
14,144.1399
14,146.3064
14,142.579
14,144.77
14,142.2178
15,144.9794
15,147.0007
15,143.1799
15,146.8265
15,143.2972
15,146.1864
15,146.6681
15,145.1105
15,147.1869
15,143.4394
15,146.4537
15,145.2043
15,145.3735
15,147.9389
15,144.7812
15,147.1624
15,143.8538
15,146.1216
15,148.0902
15,142.547
15,146.8469
15,143.5486
15,146.2984
15,147.6243
15,141.2731
15,142.095
15,128.6747
15,128.6316
15,129.3905
15,126.9786
15,128.3892
15,122.9367
15,125.2704
15,123.3423
15,127.7293
15,125.9468
15,125.4519
15,131.0407
15,129.0627
15,131.6008
15,129.1052
15,132.3646
15,130.0402
15,134.2376
15,135.3334
15,135.2217
15,137.7639
15,135.1609
15,138.8388
15,137.7745
15,139.5154
15,142.143
15,138.9236
15,142.7395
15,135.0314
15,139.8313
15,138.4555
15,139.9564
15,142.1283
15,139.4629
15,142.0545
15,139.2805
15,143.2374
15,145.7297
15,142.7599
15,146.0078
15,143.0749
15,146.092
15,147.7421
15,144.8256
15,148.5235
15,144.8554
15,147.0532
15,147.1606
15,144.1492
15,146.1413
15,142.95
15,145.9277
15,143.1021
15,145.079
15,147.0267
15,143.6077
15,147.16
15,143.1926
15,145.966
15,147.9051
15,144.1674
15,146.9261
15,142.186
15,145.6133
15,142.0934
15,141.7526
15,143.5707
15,140.6844
15,66.38322
15,59.58601
